Start processing of session window 15 minutes
Session results (session duration and url unique counts) will be saved at: /tmp/weblogdata/output/20190211014346/
# of Session generated is:110841
Average Session Time (in seconds) is: [100.69901029402477]
Top 20 most engaged users with longest session time are: 
+---------------+---------+----------+----------+---------------+--------+
|             IP|sessionId| StartTime|   EndTime|SessionDuration|URLCount|
+---------------+---------+----------+----------+---------------+--------+
|  119.81.61.166|        5|1437561028|1437563097|           2069|    1739|
|   52.74.219.71|        5|1437561028|1437563097|           2069|    9532|
|  106.186.23.95|        5|1437561028|1437563097|           2069|    2731|
|   125.20.39.66|        4|1437561028|1437563096|           2068|     239|
|   125.19.44.66|        5|1437561028|1437563096|           2068|     457|
| 180.211.69.209|        4|1437561028|1437563095|           2067|      75|
|   192.8.190.10|        3|1437561029|1437563096|           2067|     111|
|  54.251.151.39|        5|1437561030|1437563097|           2067|       7|
| 180.179.213.70|        5|1437561028|1437563094|           2066|     121|
|  122.15.156.64|        3|1437561029|1437563095|           2066|      61|
| 203.191.34.178|        2|1437561030|1437563096|           2066|     160|
| 203.189.176.14|        5|1437561030|1437563096|           2066|      44|
| 180.151.80.140|        4|1437561030|1437563095|           2065|     122|
| 125.16.218.194|        1|1437561029|1437563094|           2065|      31|
| 103.29.159.138|        1|1437561029|1437563094|           2065|       4|
|213.239.204.204|        2|1437561029|1437563094|           2065|     234|
|    78.46.60.71|        1|1437561028|1437563092|           2064|     237|
| 103.29.159.186|        2|1437561029|1437563093|           2064|       2|
|  192.71.175.30|        3|1437561031|1437563094|           2063|      37|
|   14.99.226.79|        1|1437561033|1437563096|           2063|      78|
+---------------+---------+----------+----------+---------------+--------+
only showing top 20 rows

Start processing of session window 16 minutes
Session results (session duration and url unique counts) will be saved at: /tmp/weblogdata/output/20190211014346/
# of Session generated is:110139
Average Session Time (in seconds) is: [107.27989177312305]
Top 20 most engaged users with longest session time are: 
+---------------+---------+----------+----------+---------------+--------+
|             IP|sessionId| StartTime|   EndTime|SessionDuration|URLCount|
+---------------+---------+----------+----------+---------------+--------+
|  119.81.61.166|        5|1437561028|1437563097|           2069|    1739|
|  106.186.23.95|        5|1437561028|1437563097|           2069|    2731|
|   52.74.219.71|        5|1437561028|1437563097|           2069|    9532|
|   125.20.39.66|        4|1437561028|1437563096|           2068|     239|
|   125.19.44.66|        5|1437561028|1437563096|           2068|     457|
|   192.8.190.10|        3|1437561029|1437563096|           2067|     111|
| 180.211.69.209|        4|1437561028|1437563095|           2067|      75|
|  54.251.151.39|        5|1437561030|1437563097|           2067|       7|
| 202.167.250.59|        4|1437561029|1437563095|           2066|      16|
| 203.191.34.178|        2|1437561030|1437563096|           2066|     160|
| 180.179.213.70|        5|1437561028|1437563094|           2066|     121|
|  122.15.156.64|        3|1437561029|1437563095|           2066|      61|
| 203.189.176.14|        5|1437561030|1437563096|           2066|      44|
| 103.29.159.138|        1|1437561029|1437563094|           2065|       4|
| 125.16.218.194|        1|1437561029|1437563094|           2065|      31|
| 180.151.80.140|        4|1437561030|1437563095|           2065|     122|
|213.239.204.204|        2|1437561029|1437563094|           2065|     234|
|    78.46.60.71|        1|1437561028|1437563092|           2064|     237|
| 103.29.159.186|        2|1437561029|1437563093|           2064|       2|
|  192.71.175.30|        3|1437561031|1437563094|           2063|      37|
+---------------+---------+----------+----------+---------------+--------+
only showing top 20 rows

Start processing of session window 17 minutes
Session results (session duration and url unique counts) will be saved at: /tmp/weblogdata/output/20190211014346/
# of Session generated is:109404
Average Session Time (in seconds) is: [114.6438795656466]
Top 20 most engaged users with longest session time are: 
+---------------+---------+----------+----------+---------------+--------+
|             IP|sessionId| StartTime|   EndTime|SessionDuration|URLCount|
+---------------+---------+----------+----------+---------------+--------+
|  220.226.206.7|        8|1437580238|1437583487|           3249|     245|
|  119.81.61.166|        5|1437561028|1437563097|           2069|    1739|
|   52.74.219.71|        5|1437561028|1437563097|           2069|    9532|
|  106.186.23.95|        5|1437561028|1437563097|           2069|    2731|
|   125.20.39.66|        4|1437561028|1437563096|           2068|     239|
|   125.19.44.66|        5|1437561028|1437563096|           2068|     457|
|  54.251.151.39|        5|1437561030|1437563097|           2067|       7|
| 180.211.69.209|        4|1437561028|1437563095|           2067|      75|
|   192.8.190.10|        3|1437561029|1437563096|           2067|     111|
| 203.191.34.178|        2|1437561030|1437563096|           2066|     160|
| 180.179.213.70|        5|1437561028|1437563094|           2066|     121|
|  122.15.156.64|        3|1437561029|1437563095|           2066|      61|
| 202.167.250.59|        4|1437561029|1437563095|           2066|      16|
| 203.189.176.14|        5|1437561030|1437563096|           2066|      44|
| 180.151.80.140|        4|1437561030|1437563095|           2065|     122|
| 125.16.218.194|        1|1437561029|1437563094|           2065|      31|
| 103.29.159.138|        1|1437561029|1437563094|           2065|       4|
|213.239.204.204|        2|1437561029|1437563094|           2065|     234|
| 103.29.159.186|        2|1437561029|1437563093|           2064|       2|
|    78.46.60.71|        1|1437561028|1437563092|           2064|     237|
+---------------+---------+----------+----------+---------------+--------+
only showing top 20 rows

Start processing of session window 18 minutes
Session results (session duration and url unique counts) will be saved at: /tmp/weblogdata/output/20190211014346/
# of Session generated is:108784
Average Session Time (in seconds) is: [121.27592292984262]
Top 20 most engaged users with longest session time are: 
+---------------+---------+----------+----------+---------------+--------+
|             IP|sessionId| StartTime|   EndTime|SessionDuration|URLCount|
+---------------+---------+----------+----------+---------------+--------+
|  220.226.206.7|        8|1437580238|1437583487|           3249|     245|
|  119.81.61.166|        5|1437561028|1437563097|           2069|    1739|
|  106.186.23.95|        5|1437561028|1437563097|           2069|    2731|
|   52.74.219.71|        5|1437561028|1437563097|           2069|    9532|
|   125.20.39.66|        4|1437561028|1437563096|           2068|     239|
|   125.19.44.66|        5|1437561028|1437563096|           2068|     457|
|  54.251.151.39|        5|1437561030|1437563097|           2067|       7|
| 180.211.69.209|        4|1437561028|1437563095|           2067|      75|
|   192.8.190.10|        3|1437561029|1437563096|           2067|     111|
| 180.179.213.70|        5|1437561028|1437563094|           2066|     121|
| 203.191.34.178|        2|1437561030|1437563096|           2066|     160|
|  122.15.156.64|        3|1437561029|1437563095|           2066|      61|
| 202.167.250.59|        4|1437561029|1437563095|           2066|      16|
| 203.189.176.14|        5|1437561030|1437563096|           2066|      44|
|213.239.204.204|        2|1437561029|1437563094|           2065|     234|
| 125.16.218.194|        1|1437561029|1437563094|           2065|      31|
| 103.29.159.138|        1|1437561029|1437563094|           2065|       4|
| 180.151.80.140|        4|1437561030|1437563095|           2065|     122|
|    78.46.60.71|        1|1437561028|1437563092|           2064|     237|
| 103.29.159.186|        2|1437561029|1437563093|           2064|       2|
+---------------+---------+----------+----------+---------------+--------+
only showing top 20 rows

Start processing of session window 19 minutes
Session results (session duration and url unique counts) will be saved at: /tmp/weblogdata/output/20190211014346/
# of Session generated is:108279
Average Session Time (in seconds) is: [127.01568171113513]
Top 20 most engaged users with longest session time are: 
+---------------+---------+----------+----------+---------------+--------+
|             IP|sessionId| StartTime|   EndTime|SessionDuration|URLCount|
+---------------+---------+----------+----------+---------------+--------+
|  220.226.206.7|        8|1437580238|1437583487|           3249|     245|
|  119.81.61.166|        5|1437561028|1437563097|           2069|    1739|
|  106.186.23.95|        5|1437561028|1437563097|           2069|    2731|
|   52.74.219.71|        5|1437561028|1437563097|           2069|    9532|
|   125.20.39.66|        4|1437561028|1437563096|           2068|     239|
|   125.19.44.66|        5|1437561028|1437563096|           2068|     457|
|   192.8.190.10|        3|1437561029|1437563096|           2067|     111|
| 180.211.69.209|        4|1437561028|1437563095|           2067|      75|
|  54.251.151.39|        5|1437561030|1437563097|           2067|       7|
|  122.15.156.64|        3|1437561029|1437563095|           2066|      61|
| 203.189.176.14|        5|1437561030|1437563096|           2066|      44|
| 203.191.34.178|        2|1437561030|1437563096|           2066|     160|
| 180.179.213.70|        5|1437561028|1437563094|           2066|     121|
| 202.167.250.59|        4|1437561029|1437563095|           2066|      16|
|213.239.204.204|        2|1437561029|1437563094|           2065|     234|
| 103.29.159.138|        1|1437561029|1437563094|           2065|       4|
| 180.151.80.140|        4|1437561030|1437563095|           2065|     122|
| 125.16.218.194|        1|1437561029|1437563094|           2065|      31|
|    78.46.60.71|        1|1437561028|1437563092|           2064|     237|
| 103.29.159.186|        2|1437561029|1437563093|           2064|       2|
+---------------+---------+----------+----------+---------------+--------+
only showing top 20 rows

Start processing of session window 20 minutes
Session results (session duration and url unique counts) will be saved at: /tmp/weblogdata/output/20190211014346/
# of Session generated is:107836
Average Session Time (in seconds) is: [132.34692496012462]
Top 20 most engaged users with longest session time are: 
+---------------+---------+----------+----------+---------------+--------+
|             IP|sessionId| StartTime|   EndTime|SessionDuration|URLCount|
+---------------+---------+----------+----------+---------------+--------+
|  220.226.206.7|        8|1437580238|1437583487|           3249|     245|
|  106.186.23.95|        5|1437561028|1437563097|           2069|    2731|
|   52.74.219.71|        5|1437561028|1437563097|           2069|    9532|
|  119.81.61.166|        5|1437561028|1437563097|           2069|    1739|
|   125.20.39.66|        4|1437561028|1437563096|           2068|     239|
|   125.19.44.66|        5|1437561028|1437563096|           2068|     457|
| 180.211.69.209|        4|1437561028|1437563095|           2067|      75|
|   192.8.190.10|        3|1437561029|1437563096|           2067|     111|
|  54.251.151.39|        5|1437561030|1437563097|           2067|       7|
|  122.15.156.64|        3|1437561029|1437563095|           2066|      61|
| 202.167.250.59|        4|1437561029|1437563095|           2066|      16|
| 203.191.34.178|        2|1437561030|1437563096|           2066|     160|
| 180.179.213.70|        5|1437561028|1437563094|           2066|     121|
| 203.189.176.14|        5|1437561030|1437563096|           2066|      44|
| 180.151.80.140|        4|1437561030|1437563095|           2065|     122|
| 103.29.159.138|        1|1437561029|1437563094|           2065|       4|
| 125.16.218.194|        1|1437561029|1437563094|           2065|      31|
|213.239.204.204|        2|1437561029|1437563094|           2065|     234|
|    78.46.60.71|        1|1437561028|1437563092|           2064|     237|
| 103.29.159.186|        2|1437561029|1437563093|           2064|       2|
+---------------+---------+----------+----------+---------------+--------+
only showing top 20 rows

Start processing of session window 21 minutes
Session results (session duration and url unique counts) will be saved at: /tmp/weblogdata/output/20190211014346/
# of Session generated is:107515
Average Session Time (in seconds) is: [136.40598986187973]
Top 20 most engaged users with longest session time are: 
+---------------+---------+----------+----------+---------------+--------+
|             IP|sessionId| StartTime|   EndTime|SessionDuration|URLCount|
+---------------+---------+----------+----------+---------------+--------+
|  220.226.206.7|        8|1437580238|1437583487|           3249|     245|
|  106.186.23.95|        5|1437561028|1437563097|           2069|    2731|
|   52.74.219.71|        5|1437561028|1437563097|           2069|    9532|
|  119.81.61.166|        5|1437561028|1437563097|           2069|    1739|
|   125.20.39.66|        4|1437561028|1437563096|           2068|     239|
|   125.19.44.66|        5|1437561028|1437563096|           2068|     457|
| 180.211.69.209|        4|1437561028|1437563095|           2067|      75|
|  54.251.151.39|        5|1437561030|1437563097|           2067|       7|
|   192.8.190.10|        3|1437561029|1437563096|           2067|     111|
| 202.167.250.59|        4|1437561029|1437563095|           2066|      16|
|  122.15.156.64|        3|1437561029|1437563095|           2066|      61|
| 180.179.213.70|        5|1437561028|1437563094|           2066|     121|
| 203.191.34.178|        2|1437561030|1437563096|           2066|     160|
| 203.189.176.14|        5|1437561030|1437563096|           2066|      44|
| 125.16.218.194|        1|1437561029|1437563094|           2065|      31|
| 103.29.159.138|        1|1437561029|1437563094|           2065|       4|
| 180.151.80.140|        4|1437561030|1437563095|           2065|     122|
|213.239.204.204|        2|1437561029|1437563094|           2065|     234|
| 103.29.159.186|        2|1437561029|1437563093|           2064|       2|
|    78.46.60.71|        1|1437561028|1437563092|           2064|     237|
+---------------+---------+----------+----------+---------------+--------+
only showing top 20 rows

Start processing of session window 22 minutes
Session results (session duration and url unique counts) will be saved at: /tmp/weblogdata/output/20190211014346/
# of Session generated is:107214
Average Session Time (in seconds) is: [140.40628089615163]
Top 20 most engaged users with longest session time are: 
+---------------+---------+----------+----------+---------------+--------+
|             IP|sessionId| StartTime|   EndTime|SessionDuration|URLCount|
+---------------+---------+----------+----------+---------------+--------+
|  220.226.206.7|        8|1437580238|1437583487|           3249|     245|
|  106.186.23.95|        5|1437561028|1437563097|           2069|    2731|
|   52.74.219.71|        5|1437561028|1437563097|           2069|    9532|
|  119.81.61.166|        5|1437561028|1437563097|           2069|    1739|
|   125.20.39.66|        4|1437561028|1437563096|           2068|     239|
|   125.19.44.66|        5|1437561028|1437563096|           2068|     457|
| 180.211.69.209|        4|1437561028|1437563095|           2067|      75|
|  54.251.151.39|        5|1437561030|1437563097|           2067|       7|
|   192.8.190.10|        3|1437561029|1437563096|           2067|     111|
|  122.15.156.64|        3|1437561029|1437563095|           2066|      61|
| 180.179.213.70|        5|1437561028|1437563094|           2066|     121|
| 202.167.250.59|        4|1437561029|1437563095|           2066|      16|
| 203.191.34.178|        2|1437561030|1437563096|           2066|     160|
| 203.189.176.14|        5|1437561030|1437563096|           2066|      44|
| 103.29.159.138|        1|1437561029|1437563094|           2065|       4|
| 125.16.218.194|        1|1437561029|1437563094|           2065|      31|
|213.239.204.204|        2|1437561029|1437563094|           2065|     234|
| 180.151.80.140|        4|1437561030|1437563095|           2065|     122|
|    78.46.60.71|        1|1437561028|1437563092|           2064|     237|
| 103.29.159.186|        2|1437561029|1437563093|           2064|       2|
+---------------+---------+----------+----------+---------------+--------+
only showing top 20 rows

Start processing of session window 23 minutes
Session results (session duration and url unique counts) will be saved at: /tmp/weblogdata/output/20190211014346/
# of Session generated is:107006
Average Session Time (in seconds) is: [143.30199241164047]
Top 20 most engaged users with longest session time are: 
+---------------+---------+----------+----------+---------------+--------+
|             IP|sessionId| StartTime|   EndTime|SessionDuration|URLCount|
+---------------+---------+----------+----------+---------------+--------+
|  220.226.206.7|        8|1437580238|1437583487|           3249|     245|
|  106.186.23.95|        5|1437561028|1437563097|           2069|    2731|
|  119.81.61.166|        5|1437561028|1437563097|           2069|    1739|
|   52.74.219.71|        5|1437561028|1437563097|           2069|    9532|
|   125.20.39.66|        4|1437561028|1437563096|           2068|     239|
|   125.19.44.66|        5|1437561028|1437563096|           2068|     457|
|  54.251.151.39|        5|1437561030|1437563097|           2067|       7|
| 180.211.69.209|        4|1437561028|1437563095|           2067|      75|
|   192.8.190.10|        3|1437561029|1437563096|           2067|     111|
| 203.191.34.178|        2|1437561030|1437563096|           2066|     160|
| 203.189.176.14|        5|1437561030|1437563096|           2066|      44|
| 180.179.213.70|        5|1437561028|1437563094|           2066|     121|
|  122.15.156.64|        3|1437561029|1437563095|           2066|      61|
| 202.167.250.59|        4|1437561029|1437563095|           2066|      16|
|213.239.204.204|        2|1437561029|1437563094|           2065|     234|
| 125.16.218.194|        1|1437561029|1437563094|           2065|      31|
| 180.151.80.140|        4|1437561030|1437563095|           2065|     122|
| 103.29.159.138|        1|1437561029|1437563094|           2065|       4|
| 103.29.159.186|        2|1437561029|1437563093|           2064|       2|
|    78.46.60.71|        1|1437561028|1437563092|           2064|     237|
+---------------+---------+----------+----------+---------------+--------+
only showing top 20 rows

Start processing of session window 24 minutes
Session results (session duration and url unique counts) will be saved at: /tmp/weblogdata/output/20190211014346/
# of Session generated is:106843
Average Session Time (in seconds) is: [145.66590230525162]
Top 20 most engaged users with longest session time are: 
+---------------+---------+----------+----------+---------------+--------+
|             IP|sessionId| StartTime|   EndTime|SessionDuration|URLCount|
+---------------+---------+----------+----------+---------------+--------+
|  220.226.206.7|        8|1437580238|1437583487|           3249|     245|
|  106.186.23.95|        5|1437561028|1437563097|           2069|    2731|
|  119.81.61.166|        5|1437561028|1437563097|           2069|    1739|
|   52.74.219.71|        5|1437561028|1437563097|           2069|    9532|
|   125.20.39.66|        4|1437561028|1437563096|           2068|     239|
|   125.19.44.66|        5|1437561028|1437563096|           2068|     457|
| 180.211.69.209|        4|1437561028|1437563095|           2067|      75|
|  54.251.151.39|        5|1437561030|1437563097|           2067|       7|
|   192.8.190.10|        3|1437561029|1437563096|           2067|     111|
| 202.167.250.59|        4|1437561029|1437563095|           2066|      16|
|  122.15.156.64|        3|1437561029|1437563095|           2066|      61|
| 180.179.213.70|        5|1437561028|1437563094|           2066|     121|
| 203.191.34.178|        2|1437561030|1437563096|           2066|     160|
| 203.189.176.14|        5|1437561030|1437563096|           2066|      44|
| 103.29.159.138|        1|1437561029|1437563094|           2065|       4|
| 125.16.218.194|        1|1437561029|1437563094|           2065|      31|
| 180.151.80.140|        4|1437561030|1437563095|           2065|     122|
|213.239.204.204|        2|1437561029|1437563094|           2065|     234|
| 103.29.159.186|        2|1437561029|1437563093|           2064|       2|
|    78.46.60.71|        1|1437561028|1437563092|           2064|     237|
+---------------+---------+----------+----------+---------------+--------+
only showing top 20 rows

Start processing of session window 25 minutes
Session results (session duration and url unique counts) will be saved at: /tmp/weblogdata/output/20190211014346/
# of Session generated is:106705
Average Session Time (in seconds) is: [147.75376973900003]
Top 20 most engaged users with longest session time are: 
+---------------+---------+----------+----------+---------------+--------+
|             IP|sessionId| StartTime|   EndTime|SessionDuration|URLCount|
+---------------+---------+----------+----------+---------------+--------+
|  220.226.206.7|        8|1437580238|1437583487|           3249|     245|
|  106.186.23.95|        5|1437561028|1437563097|           2069|    2731|
|  119.81.61.166|        5|1437561028|1437563097|           2069|    1739|
|   52.74.219.71|        5|1437561028|1437563097|           2069|    9532|
|   125.20.39.66|        4|1437561028|1437563096|           2068|     239|
|   125.19.44.66|        5|1437561028|1437563096|           2068|     457|
| 180.211.69.209|        4|1437561028|1437563095|           2067|      75|
|  54.251.151.39|        5|1437561030|1437563097|           2067|       7|
|   192.8.190.10|        3|1437561029|1437563096|           2067|     111|
| 202.167.250.59|        4|1437561029|1437563095|           2066|      16|
|  122.15.156.64|        3|1437561029|1437563095|           2066|      61|
| 180.179.213.70|        5|1437561028|1437563094|           2066|     121|
| 203.191.34.178|        2|1437561030|1437563096|           2066|     160|
| 203.189.176.14|        5|1437561030|1437563096|           2066|      44|
| 103.29.159.138|        1|1437561029|1437563094|           2065|       4|
| 125.16.218.194|        1|1437561029|1437563094|           2065|      31|
| 180.151.80.140|        4|1437561030|1437563095|           2065|     122|
|213.239.204.204|        2|1437561029|1437563094|           2065|     234|
| 103.29.159.186|        2|1437561029|1437563093|           2064|       2|
|    78.46.60.71|        1|1437561028|1437563092|           2064|     237|
+---------------+---------+----------+----------+---------------+--------+
only showing top 20 rows

Start processing of session window 26 minutes
Session results (session duration and url unique counts) will be saved at: /tmp/weblogdata/output/20190211014346/
# of Session generated is:106569
Average Session Time (in seconds) is: [149.9010781747037]
Top 20 most engaged users with longest session time are: 
+---------------+---------+----------+----------+---------------+--------+
|             IP|sessionId| StartTime|   EndTime|SessionDuration|URLCount|
+---------------+---------+----------+----------+---------------+--------+
|  220.226.206.7|        8|1437580238|1437583487|           3249|     245|
|   52.74.219.71|        5|1437561028|1437563097|           2069|    9532|
|  119.81.61.166|        5|1437561028|1437563097|           2069|    1739|
|  106.186.23.95|        5|1437561028|1437563097|           2069|    2731|
|   125.20.39.66|        4|1437561028|1437563096|           2068|     239|
|   125.19.44.66|        5|1437561028|1437563096|           2068|     457|
|   192.8.190.10|        3|1437561029|1437563096|           2067|     111|
|  54.251.151.39|        5|1437561030|1437563097|           2067|       7|
| 180.211.69.209|        4|1437561028|1437563095|           2067|      75|
| 202.167.250.59|        4|1437561029|1437563095|           2066|      16|
| 203.191.34.178|        2|1437561030|1437563096|           2066|     160|
|  122.15.156.64|        3|1437561029|1437563095|           2066|      61|
| 203.189.176.14|        5|1437561030|1437563096|           2066|      44|
| 180.179.213.70|        5|1437561028|1437563094|           2066|     121|
| 180.151.80.140|        4|1437561030|1437563095|           2065|     122|
|     46.4.95.15|        1|1437561032|1437563097|           2065|     111|
|213.239.204.204|        2|1437561029|1437563094|           2065|     234|
| 103.29.159.138|        1|1437561029|1437563094|           2065|       4|
| 125.16.218.194|        1|1437561029|1437563094|           2065|      31|
| 103.29.159.186|        2|1437561029|1437563093|           2064|       2|
+---------------+---------+----------+----------+---------------+--------+
only showing top 20 rows

Start processing of session window 27 minutes
Session results (session duration and url unique counts) will be saved at: /tmp/weblogdata/output/20190211014346/
# of Session generated is:106349
Average Session Time (in seconds) is: [153.499779029422]
Top 20 most engaged users with longest session time are: 
+---------------+---------+----------+----------+---------------+--------+
|             IP|sessionId| StartTime|   EndTime|SessionDuration|URLCount|
+---------------+---------+----------+----------+---------------+--------+
|  220.226.206.7|        8|1437580238|1437583487|           3249|     245|
|  119.81.61.166|        5|1437561028|1437563097|           2069|    1739|
|   52.74.219.71|        5|1437561028|1437563097|           2069|    9532|
|  106.186.23.95|        5|1437561028|1437563097|           2069|    2731|
|   125.19.44.66|        5|1437561028|1437563096|           2068|     457|
|   125.20.39.66|        4|1437561028|1437563096|           2068|     239|
| 180.211.69.209|        4|1437561028|1437563095|           2067|      75|
|   192.8.190.10|        3|1437561029|1437563096|           2067|     111|
|  54.251.151.39|        5|1437561030|1437563097|           2067|       7|
|  122.15.156.64|        3|1437561029|1437563095|           2066|      61|
| 202.167.250.59|        4|1437561029|1437563095|           2066|      16|
| 203.191.34.178|        2|1437561030|1437563096|           2066|     160|
| 180.179.213.70|        5|1437561028|1437563094|           2066|     121|
| 203.189.176.14|        5|1437561030|1437563096|           2066|      44|
|     46.4.95.15|        1|1437561032|1437563097|           2065|     111|
|213.239.204.204|        2|1437561029|1437563094|           2065|     234|
| 125.16.218.194|        1|1437561029|1437563094|           2065|      31|
| 103.29.159.138|        1|1437561029|1437563094|           2065|       4|
| 180.151.80.140|        4|1437561030|1437563095|           2065|     122|
| 103.29.159.186|        2|1437561029|1437563093|           2064|       2|
+---------------+---------+----------+----------+---------------+--------+
only showing top 20 rows

Start processing of session window 28 minutes
Session results (session duration and url unique counts) will be saved at: /tmp/weblogdata/output/20190211014346/
# of Session generated is:106147
Average Session Time (in seconds) is: [156.92956937077827]
Top 20 most engaged users with longest session time are: 
+---------------+---------+----------+----------+---------------+--------+
|             IP|sessionId| StartTime|   EndTime|SessionDuration|URLCount|
+---------------+---------+----------+----------+---------------+--------+
|  220.226.206.7|        8|1437580238|1437583487|           3249|     245|
|  119.81.61.166|        5|1437561028|1437563097|           2069|    1739|
|   52.74.219.71|        5|1437561028|1437563097|           2069|    9532|
|  106.186.23.95|        5|1437561028|1437563097|           2069|    2731|
|   125.19.44.66|        5|1437561028|1437563096|           2068|     457|
|   125.20.39.66|        4|1437561028|1437563096|           2068|     239|
| 180.211.69.209|        4|1437561028|1437563095|           2067|      75|
|   192.8.190.10|        3|1437561029|1437563096|           2067|     111|
|  54.251.151.39|        5|1437561030|1437563097|           2067|       7|
|  122.15.156.64|        3|1437561029|1437563095|           2066|      61|
| 202.167.250.59|        4|1437561029|1437563095|           2066|      16|
| 203.191.34.178|        2|1437561030|1437563096|           2066|     160|
| 180.179.213.70|        5|1437561028|1437563094|           2066|     121|
| 203.189.176.14|        5|1437561030|1437563096|           2066|      44|
|     46.4.95.15|        1|1437561032|1437563097|           2065|     111|
|213.239.204.204|        2|1437561029|1437563094|           2065|     234|
| 125.16.218.194|        1|1437561029|1437563094|           2065|      31|
| 180.151.80.140|        4|1437561030|1437563095|           2065|     122|
| 103.29.159.138|        1|1437561029|1437563094|           2065|       4|
| 103.29.159.186|        2|1437561029|1437563093|           2064|       2|
+---------------+---------+----------+----------+---------------+--------+
only showing top 20 rows

Start processing of session window 29 minutes
Session results (session duration and url unique counts) will be saved at: /tmp/weblogdata/output/20190211014346/
# of Session generated is:105942
Average Session Time (in seconds) is: [160.5401162900455]
Top 20 most engaged users with longest session time are: 
+---------------+---------+----------+----------+---------------+--------+
|             IP|sessionId| StartTime|   EndTime|SessionDuration|URLCount|
+---------------+---------+----------+----------+---------------+--------+
|  220.226.206.7|        8|1437580238|1437583487|           3249|     245|
|  119.81.61.166|        5|1437561028|1437563097|           2069|    1739|
|   52.74.219.71|        5|1437561028|1437563097|           2069|    9532|
|  106.186.23.95|        5|1437561028|1437563097|           2069|    2731|
|   125.19.44.66|        5|1437561028|1437563096|           2068|     457|
|   125.20.39.66|        4|1437561028|1437563096|           2068|     239|
| 180.211.69.209|        4|1437561028|1437563095|           2067|      75|
|  54.251.151.39|        5|1437561030|1437563097|           2067|       7|
|   192.8.190.10|        3|1437561029|1437563096|           2067|     111|
|  122.15.156.64|        3|1437561029|1437563095|           2066|      61|
| 202.167.250.59|        4|1437561029|1437563095|           2066|      16|
| 180.179.213.70|        5|1437561028|1437563094|           2066|     121|
| 203.191.34.178|        2|1437561030|1437563096|           2066|     160|
| 203.189.176.14|        5|1437561030|1437563096|           2066|      44|
| 103.29.159.138|        1|1437561029|1437563094|           2065|       4|
|213.239.204.204|        2|1437561029|1437563094|           2065|     234|
| 125.16.218.194|        1|1437561029|1437563094|           2065|      31|
| 180.151.80.140|        4|1437561030|1437563095|           2065|     122|
|     46.4.95.15|        1|1437561032|1437563097|           2065|     111|
|    78.46.60.71|        1|1437561028|1437563092|           2064|     237|
+---------------+---------+----------+----------+---------------+--------+
only showing top 20 rows

Start processing of session window 30 minutes
Session results (session duration and url unique counts) will be saved at: /tmp/weblogdata/output/20190211014346/
# of Session generated is:105754
Average Session Time (in seconds) is: [163.97352346010553]
Top 20 most engaged users with longest session time are: 
+---------------+---------+----------+----------+---------------+--------+
|             IP|sessionId| StartTime|   EndTime|SessionDuration|URLCount|
+---------------+---------+----------+----------+---------------+--------+
|  220.226.206.7|        8|1437580238|1437583487|           3249|     245|
|   52.74.219.71|        5|1437561028|1437563097|           2069|    9532|
|  119.81.61.166|        5|1437561028|1437563097|           2069|    1739|
|  106.186.23.95|        5|1437561028|1437563097|           2069|    2731|
|   125.20.39.66|        4|1437561028|1437563096|           2068|     239|
|   125.19.44.66|        5|1437561028|1437563096|           2068|     457|
|  54.251.151.39|        5|1437561030|1437563097|           2067|       7|
| 180.211.69.209|        4|1437561028|1437563095|           2067|      75|
|   192.8.190.10|        3|1437561029|1437563096|           2067|     111|
|  122.15.156.64|        3|1437561029|1437563095|           2066|      61|
| 203.191.34.178|        2|1437561030|1437563096|           2066|     160|
| 180.179.213.70|        5|1437561028|1437563094|           2066|     121|
| 202.167.250.59|        4|1437561029|1437563095|           2066|      16|
| 203.189.176.14|        5|1437561030|1437563096|           2066|      44|
|     46.4.95.15|        1|1437561032|1437563097|           2065|     111|
| 125.16.218.194|        1|1437561029|1437563094|           2065|      31|
|213.239.204.204|        2|1437561029|1437563094|           2065|     234|
| 103.29.159.138|        1|1437561029|1437563094|           2065|       4|
| 180.151.80.140|        4|1437561030|1437563095|           2065|     122|
| 103.29.159.186|        2|1437561029|1437563093|           2064|       2|
+---------------+---------+----------+----------+---------------+--------+
only showing top 20 rows

Start processing of session window 31 minutes
Session results (session duration and url unique counts) will be saved at: /tmp/weblogdata/output/20190211014346/
# of Session generated is:105602
Average Session Time (in seconds) is: [166.83660347341907]
Top 20 most engaged users with longest session time are: 
+---------------+---------+----------+----------+---------------+--------+
|             IP|sessionId| StartTime|   EndTime|SessionDuration|URLCount|
+---------------+---------+----------+----------+---------------+--------+
|  220.226.206.7|        8|1437580238|1437583487|           3249|     245|
|  119.81.61.166|        5|1437561028|1437563097|           2069|    1739|
|   52.74.219.71|        5|1437561028|1437563097|           2069|    9532|
|  106.186.23.95|        5|1437561028|1437563097|           2069|    2731|
|   125.19.44.66|        5|1437561028|1437563096|           2068|     457|
|   125.20.39.66|        4|1437561028|1437563096|           2068|     239|
|   192.8.190.10|        3|1437561029|1437563096|           2067|     111|
|  54.251.151.39|        5|1437561030|1437563097|           2067|       7|
| 180.211.69.209|        4|1437561028|1437563095|           2067|      75|
| 203.191.34.178|        2|1437561030|1437563096|           2066|     160|
| 203.189.176.14|        5|1437561030|1437563096|           2066|      44|
| 180.179.213.70|        5|1437561028|1437563094|           2066|     121|
| 202.167.250.59|        4|1437561029|1437563095|           2066|      16|
|  122.15.156.64|        3|1437561029|1437563095|           2066|      61|
|     46.4.95.15|        1|1437561032|1437563097|           2065|     111|
|213.239.204.204|        2|1437561029|1437563094|           2065|     234|
| 125.16.218.194|        1|1437561029|1437563094|           2065|      31|
| 103.29.159.138|        1|1437561029|1437563094|           2065|       4|
| 180.151.80.140|        4|1437561030|1437563095|           2065|     122|
| 103.29.159.186|        2|1437561029|1437563093|           2064|       2|
+---------------+---------+----------+----------+---------------+--------+
only showing top 20 rows

Start processing of session window 32 minutes
Session results (session duration and url unique counts) will be saved at: /tmp/weblogdata/output/20190211014346/
# of Session generated is:105529
Average Session Time (in seconds) is: [168.25703834964796]
Top 20 most engaged users with longest session time are: 
+---------------+---------+----------+----------+---------------+--------+
|             IP|sessionId| StartTime|   EndTime|SessionDuration|URLCount|
+---------------+---------+----------+----------+---------------+--------+
|  220.226.206.7|        8|1437580238|1437583487|           3249|     245|
|  119.81.61.166|        5|1437561028|1437563097|           2069|    1739|
|   52.74.219.71|        5|1437561028|1437563097|           2069|    9532|
|  106.186.23.95|        5|1437561028|1437563097|           2069|    2731|
|   125.20.39.66|        4|1437561028|1437563096|           2068|     239|
|   125.19.44.66|        5|1437561028|1437563096|           2068|     457|
| 180.211.69.209|        4|1437561028|1437563095|           2067|      75|
|   192.8.190.10|        3|1437561029|1437563096|           2067|     111|
|  54.251.151.39|        5|1437561030|1437563097|           2067|       7|
| 180.179.213.70|        5|1437561028|1437563094|           2066|     121|
|  122.15.156.64|        3|1437561029|1437563095|           2066|      61|
| 202.167.250.59|        4|1437561029|1437563095|           2066|      16|
| 203.189.176.14|        5|1437561030|1437563096|           2066|      44|
| 203.191.34.178|        2|1437561030|1437563096|           2066|     160|
| 125.16.218.194|        1|1437561029|1437563094|           2065|      31|
|     46.4.95.15|        1|1437561032|1437563097|           2065|     111|
|213.239.204.204|        2|1437561029|1437563094|           2065|     234|
| 103.29.159.138|        1|1437561029|1437563094|           2065|       4|
| 180.151.80.140|        4|1437561030|1437563095|           2065|     122|
|    78.46.60.71|        1|1437561028|1437563092|           2064|     237|
+---------------+---------+----------+----------+---------------+--------+
only showing top 20 rows

Start processing of session window 33 minutes
Session results (session duration and url unique counts) will be saved at: /tmp/weblogdata/output/20190211014346/
# of Session generated is:105493
Average Session Time (in seconds) is: [168.97975221104718]
Top 20 most engaged users with longest session time are: 
+---------------+---------+----------+----------+---------------+--------+
|             IP|sessionId| StartTime|   EndTime|SessionDuration|URLCount|
+---------------+---------+----------+----------+---------------+--------+
|  220.226.206.7|        8|1437580238|1437583487|           3249|     245|
|  119.81.61.166|        5|1437561028|1437563097|           2069|    1739|
|   52.74.219.71|        5|1437561028|1437563097|           2069|    9532|
|  106.186.23.95|        5|1437561028|1437563097|           2069|    2731|
|   125.19.44.66|        5|1437561028|1437563096|           2068|     457|
|   125.20.39.66|        4|1437561028|1437563096|           2068|     239|
|   192.8.190.10|        3|1437561029|1437563096|           2067|     111|
|  54.251.151.39|        5|1437561030|1437563097|           2067|       7|
| 180.211.69.209|        4|1437561028|1437563095|           2067|      75|
|  122.15.156.64|        3|1437561029|1437563095|           2066|      61|
| 202.167.250.59|        4|1437561029|1437563095|           2066|      16|
| 203.189.176.14|        5|1437561030|1437563096|           2066|      44|
| 180.179.213.70|        5|1437561028|1437563094|           2066|     121|
